10406
10408
10411
10413
10416

10419
10421
10424
10427
10429

10548
10551
10553
10556
10558

10561
10564
10566
10569
10571

10574
10576
10579
10582
10584

10586
10589
10592
10595
10597

10600
10602
10605
10607
10610

10612
10615
10617
10620
10623

10625
10628
10631
10633
10636

10639
10641
10644
10647
10649

10652
10655
10657
10660
10662

10665
10668
10670
10673
10675

10678
10681
10683
10686
10689

10691
10694
10697
10699
10702

10705
10707
10710
10713
10715

10718
10720
10723
10726
10728

10731
10733
10736
10738
10741

10744
10746
10749
10751
10754

10756
10759
10762
10764
10767

10770
10772
10775
10777
10780

10782
10785
10787
10790
10792

10795
10797
10800
10803
10805

10808
10811
10813
10816
10819

10821
10824
10826
10829
10832

10834
10837
10839
10842
10844

10847
10849
10852
10854
10857

10860
10863
10866
10868
10871

10873
10876
10878
10881
10883

10886
10888
10891
10894
10896

10899
10901
10904
10906
10909

10911
10914
10917
10919
10922

25102
25105
25107
25110
25112

25227
25230
25232
25235
25237

25242
24247
25250
25267
25285

25290
25292
25297
25300
25305

25307
25387
25389
25394
25397

25399
25401
25404
25406
25409

25411
25416
25418
25423
25499

25501
25507
25509
25512
25514

25520
25522
25525
25530
25535









