11156
11158
11161
11164
11166

11169
11171
11174
11176
11179

11182
11184
11187
11190
11193

11196
11199
11201
11204
11207

11210
11213
11215
11218
11221

11224
11227
11229
11232
11234

11237
11240
11242
11245
11248

11250
11253
11256
11258
11261

11263
11266
11268
11271
11273

11276
11278
11281
11283
11286

11288
11291
11294
11296
11299

11301
11304
11307
11309
11312

11314
11317
11320
11322
11325

11327
11330
11333
11335
11338

11340
11343
11345
11348
11351

11353
11356
11358
11361
11363

11366
11369
11371
11374
11376

11379
11381
11384
11387
11389

11392
11394
11396
11399
11402

11404
11407
11409
11412
11414

20840
20842
20845
20847
20849

20851
20854
20856
20858
20860

20863
20865
20867
20870
20872

20874
20876
20878
20881
20883

20885
20887
20890
20892
20894

20896
20899
20901
20903
20905

20908
20910
20912
20914
20917

20919
20921
20923
20926
20928

20930
20932
20935
20937
20939

20941
20944
20946
20948
20950

20953
20955
20957
20960
20962

20965
20967
20969
20972
20974

20976
20979
20981
20983
20986

20988
20990
20992
20995
20997

20999
21002
21004
21006
21009

21011
21014
21016
21018
21021

21023
21025
21028
21030
21032

21034
21037
21039
21041
21043

21046
21048
21051
21053
21055

21058
21060
21063
21065
21068



